20
1 19 22 43 35 50 14 12 2 30 12 13 50 8 49 17 7 8 25 
23 3 47 47 21 8 38 33 21 7 47 34 33 16 30 25 23 29 
39 12 31 43 49 18 42 6 41 33 39 50 8 36 27 29 32 
48 37 44 4 8 1 1 16 34 42 46 33 16 50 47 28 
4 13 27 48 30 7 38 37 20 11 19 5 38 48 11 
10 35 5 39 17 30 40 7 38 5 2 46 21 26 
42 24 31 29 25 28 8 6 40 46 27 1 39 
6 39 37 43 23 46 22 12 37 1 26 44 
14 32 20 9 27 47 25 10 1 3 25 
3 37 32 43 6 33 44 45 39 7 
31 5 4 15 27 41 37 3 17 
4 17 23 25 16 50 46 25 
7 47 2 50 50 39 31 
16 45 38 35 14 1 
42 45 6 20 20 
8 11 6 11 
28 11 2 
25 10 
2 

